startDay = 14
direction = 1
index = 2
cache = {
  6,
  1,
  1,
  1,
  2,
  1,
  1,
  1,
  1,
  1,
  2,
  2,
  1,
  1,
  1,
  1,
  4,
  1,
  4,
  1,
  4,
  2,
  6,
  1,
  1,
  4,
  1,
  1,
  4,
  1,
  1,
  1,
  4,
  1,
  1,
  1,
  2,
  1,
  1,
  1,
  1,
  2,
  2,
  1,
  1,
  1,
  4,
  1,
  4,
  4,
  2,
  1,
  6,
  3,
  1,
  1,
  1,
  1,
  1,
  1,
  2,
  2,
  1,
  1,
  1,
  1,
  1,
  1,
  1,
  4,
  1,
  4,
  1,
  4,
  2,
  1,
  6,
  4,
  1,
  2,
  1,
  1,
  1,
  1,
  1,
  2,
  1,
  1,
  2,
  2,
  1,
  6,
  1,
  1,
  2,
  2,
  1,
  1,
  1,
  2,
  2,
  6,
  1,
  1,
  1,
  2,
  2,
  1,
  1,
  1,
  6,
  3,
  1,
  1,
  4,
  2,
  4,
  1,
  2,
  2,
  6,
  6,
  1,
  1,
  1,
  1,
  2,
  1,
  2,
  2,
  4,
  1,
  1,
  6,
  2,
  1,
  2,
  2,
  1,
  4,
  1,
  1,
  4,
  1,
  4,
  4,
  2,
  6,
  2,
  1,
  1,
  1,
  1,
  1,
  4,
  2,
  1,
  1,
  1,
  2,
  4,
  2,
  4,
  1,
  1,
  2,
  1,
  4,
  2,
  4,
  1,
  4,
  1,
  1,
  1,
  1,
  2,
  4,
  1,
  1,
  1,
  1,
  4,
  2,
  1,
  2,
  4,
  1,
  1,
  1,
  1,
  4,
  1,
  1,
  2,
  1,
  4,
  2,
  1,
  1,
  2,
  4,
  1,
  4,
  2,
  1,
  4,
  2,
  4,
  2,
  4,
  2,
  1,
  1,
  6,
  3,
}
startTime = 16.741
searching = false
slots = {
  "_",
  "_",
  "_",
  "_",
  "_",
  "_",
  "_",
  "_",
  "_",
  "_",
  "_",
  "_",
  "_",
  "_",
  "_",
  "T",
}
torchPositions = {
  6,
}
FuelDemand = 620
setup = false
maxSpace = false
CrosswayAmount = 5
orientation = {
  "North",
  "West",
  "South",
  "East",
}
level = -12
stats = {
  moves = 851,
  time = 0,
  dug = 762,
  ores = 367,
}
TorchDemand = 21
